1 0.9109375 0.178125 0.05625 0.146875
1 0.9140625 0.3421875 0.046875 0.121875
1 0.11484375 0.36953125 0.0296875 0.0265625
0 0.909375 0.45625 0.04375 0.08125
1 0.1203125 0.50703125 0.04375 0.0609375
0 0.91171875 0.5421875 0.0390625 0.090625
0 0.91328125 0.6640625 0.0484375 0.15625
0 0.103125 0.7875 0.05625 0.071875
1 0.60625 0.80859375 0.171875 0.0328125
1 0.26953125 0.1234375 0.2109375 0.028125
1 0.4640625 0.125 0.165625 0.034375
1 0.64296875 0.125 0.1140625 0.034375
0 0.11484375 0.14375 0.1015625 0.0875