1 0.390625 0.20859375 0.140625 0.0171875
1 0.23046875 0.21015625 0.1765625 0.0171875
1 0.79609375 0.23359375 0.0609375 0.0890625
0 0.1078125 0.23359375 0.059375 0.0546875
1 0.81484375 0.3125 0.0328125 0.028125
1 0.8265625 0.36015625 0.0375 0.0265625
1 0.0796875 0.43828125 0.034375 0.1515625
1 0.8484375 0.4890625 0.05 0.146875
1 0.07578125 0.52890625 0.0421875 0.0296875
1 0.878125 0.7765625 0.084375 0.046875
1 0.66171875 0.78828125 0.3484375 0.0265625
1 0.43515625 0.790625 0.0984375 0.025
0 0.04921875 0.79296875 0.0984375 0.0328125
1 0.24296875 0.7953125 0.2828125 0.025