0 0.20703125 0.25078125 0.0671875 0.0453125
1 0.32109375 0.27578125 0.1421875 0.0421875
1 0.19375 0.35 0.034375 0.153125
1 0.86328125 0.36953125 0.1140625 0.0640625
1 0.92421875 0.3984375 0.0578125 0.028125
1 0.2015625 0.475 0.034375 0.1
1 0.3109375 0.0484375 0.30625 0.09375
1 0.2171875 0.54453125 0.034375 0.0390625
1 0.25234375 0.5984375 0.1203125 0.06875
1 0.7171875 0.60390625 0.259375 0.0390625
1 0.921875 0.6140625 0.153125 0.021875
1 0.45 0.62265625 0.275 0.0203125
1 0.18125 0.1515625 0.034375 0.153125