1 0.39296875 0.21015625 0.0265625 0.0078125
1 0.81171875 0.25390625 0.0484375 0.1015625
0 0.0671875 0.2625 0.075 0.121875
1 0.83828125 0.36015625 0.0265625 0.1140625
0 0.8421875 0.44453125 0.0375 0.0546875
0 0.840625 0.49609375 0.04375 0.0484375
1 0.04375 0.5515625 0.021875 0.046875
1 0.8671875 0.5703125 0.025 0.1
0 0.87578125 0.63359375 0.0390625 0.0296875
0 0.89453125 0.665625 0.0390625 0.034375
1 0.89296875 0.73203125 0.0234375 0.0984375
1 0.73203125 0.77421875 0.1171875 0.0296875
1 0.565625 0.7765625 0.175 0.028125
1 0.2875 0.78359375 0.15 0.0265625
0 0.059375 0.78515625 0.078125 0.0265625