1 0.1625 0.18671875 0.0375 0.0890625
1 0.809375 0.2640625 0.01875 0.046875
1 0.11953125 0.3546875 0.0234375 0.103125
1 0.8578125 0.4828125 0.025 0.096875
1 0.08046875 0.51953125 0.0484375 0.1921875
1 0.88046875 0.59375 0.0328125 0.125
1 0.0671875 0.68515625 0.04375 0.1421875
0 0.80859375 0.68828125 0.1890625 0.0640625
1 0.6828125 0.70234375 0.025 0.0171875
1 0.4859375 0.709375 0.065625 0.021875
1 0.41484375 0.71171875 0.0453125 0.0203125
1 0.7703125 0.1390625 0.0375 0.0375
1 0.3953125 0.14921875 0.3875 0.0296875