1 0.934375 0.4328125 0.021875 0.075
1 0.90625 0.53125 0.021875 0.059375
1 0.8859375 0.59609375 0.021875 0.0640625
1 0.23984375 0.61796875 0.0546875 0.0390625
1 0.29453125 0.6515625 0.0359375 0.021875
1 0.86328125 0.66484375 0.0234375 0.0671875
1 0.340625 0.67734375 0.053125 0.0296875
1 0.39921875 0.70859375 0.0609375 0.0390625
1 0.84140625 0.73515625 0.0265625 0.0796875
1 0.4671875 0.74453125 0.05 0.0359375
1 0.51796875 0.77265625 0.0484375 0.0390625
1 0.82265625 0.79296875 0.0140625 0.0328125
1 0.56171875 0.80234375 0.0296875 0.0296875
1 0.60234375 0.82890625 0.0296875 0.0296875
1 0.7984375 0.8578125 0.021875 0.059375
1 0.76953125 0.9125 0.0359375 0.03125
1 0.3609375 0.12578125 0.0125 0.0265625