0 0.08203125 0.26875 0.0703125 0.365625
1 0.08359375 0.48125 0.0546875 0.059375
0 0.09296875 0.6203125 0.0703125 0.21875
1 0.09375 0.79140625 0.05625 0.1046875
1 0.2078125 0.0828125 0.221875 0.03125
1 0.6984375 0.08359375 0.046875 0.0265625
1 0.6171875 0.0859375 0.121875 0.028125
0 0.09921875 0.86875 0.0984375 0.053125
1 0.90703125 0.871875 0.1828125 0.04375
1 0.3765625 0.8828125 0.459375 0.028125
1 0.7125 0.8828125 0.203125 0.028125
1 0.43515625 0.09140625 0.2328125 0.0296875
0 0.971875 0.09609375 0.053125 0.0453125
0 0.7953125 0.103125 0.05625 0.059375